0.0769158068915908 0.0560744219828108 0.0570791041974004 0.0583786682386196 0.0731149325390506
0.115403279443535 0.0976669773635153 0.0505606334073919 0.0605522846644607 0.0701390205334522
0.106309815538606 0.0830012226122745 0.0562926983558254 0.0912660107837042 0.0650191233399456
0.122028174108721 0.0904318726546423 0.0890361679468538 0.120633008528367 0.064412666913865
0.187776291461982 0.0852522939111488 0.0830945438937311 0.0828390955280217 0.0715015967239628
0.121065968327222 0.127701525239075 0.0610552671102015 0.0761668723251157 0.0635224192032001
0.133554691517019 0.129833882096598 0.0729815362587665 0.0671674803186239 0.0696958423924868
0.189570533339936 0.11957483355526 0.0663450429372485 0.0784677172122019 0.0794613373162696
0.112011957237987 0.108142525118024 0.0824879190936907 0.0947753948892572 0.085415112095637
0.125782261263558 0.147330371625711 0.0770635741803958 0.0827118784722863 0.0638139933452525
0.107114271574195 0.128844522454909 0.0636218470912746 0.090901912696001 0.0797198595831006
0.106073221678174 0.0927295121655974 0.0635258885445408 0.0814090156881988 0.0739216004465945
0.127351741024664 0.105798329500061 0.0703752502816958 0.0695056098170781 0.0619052020669854
0.103395659144487 0.0908951216559739 0.0707745183607626 0.0831198421504824 0.0803924096520168
0.117150194347154 0.107276540370415 0.0859567135933841 0.109992979566584 0.0778480116087889
0.109673537177666 0.103819610216681 0.0827261550696768 0.101504645640906 0.0677773377037953
0.115781833721351 0.116031775814066 0.0683546320471217 0.137552637425472 0.0637906649880627
0.0869044026902145 0.148480353468103 0.0767370994714291 0.10232277426068 0.0725842831662302
0.104594438280796 0.133842525118024 0.0805875257743418 0.109282325065171 0.0825538810002104
0.100449944598937 0.140411850865513 0.0594581833231857 0.111817861126354 0.0702925753005358
0.109701137744154 0.149849146592422 0.0609604097553256 0.112230215925803 0.0846045628669661
0.101360865821158 0.121434826292216 0.0894597081297863 0.131362958529008 0.0875299368370578
0.0869241085924398 0.164389202275754 0.0663968849851791 0.103393135728543 0.0800522482426283
0.09042189598462 0.13266228059557 0.0436406806838525 0.130079838682295 0.090898488948115
0.0812811256109778 0.16174237985716 0.0620049131739471 0.101337954115931 0.0613706713730381
0.107441561798355 0.132422503328895 0.0650567918479776 0.143597557592207 0.0735581106800161
0.0874762019446916 0.16350459992737 0.0529011077290374 0.114153800766936 0.0776866840918444
0.124737274288217 0.138940624621717 0.054238992747149 0.131882787446818 0.0837803986915298
0.125036963945889 0.155177714562402 0.0475230931690098 0.122407443518519 0.0737291617149921
0.113908727223253 0.172960525360126 0.0539345762875838 0.102980780929094 0.0763999048469867
